NCAN=5
NPOINTS=1500
NMS=1.000000
FIRST_EP=400
LAST_EP=710
LABEL=500
MIN_FRQ=2.000000
MAX_FRQ=40.000000
FORMAT=ascii
ORD_FRQ=10.000000
WP1.sep  0.07 -0.51 -0.26 -0.48 -1.45
WP2.sep -2.86 -2.32 -1.81 -1.76 -1.45
WP3.sep  0.55 -0.17 -0.25 -0.36 -1.45
WP4.sep -0.06  1.24  0.40 -0.01 -1.45
WP5.sep  1.09  0.25  0.06 -0.10 -1.45
