NCAN=4
NPOINTS=300
NMS=3.000000
FIRST_EP=150
LAST_EP=200
LABEL=150
MIN_FRQ=2.000000
MAX_FRQ=50.000000
FORMAT=ascii
ORD_FRQ=10.000000
coef_mul=10.000000
