NCAN=5
NPOINTS=1500
NMS=1.000000
FIRST_EP=400
LAST_EP=710
LABEL=500
MIN_FRQ=2.000000
MAX_FRQ=40.000000
FORMAT=ascii
ORD_FRQ=10.000000
wp1.sep
wp2.sep
wp3.sep
wp4.sep
wp5.sep
