NCAN=5
NPOINTS=1500
NMS=1.000000
FIRST_EP=400
LAST_EP=710
LABEL=500
MIN_FRQ=2.000000
MAX_FRQ=40.000000
FORMAT=ascii
ORD_FRQ=10.000000
wp1.sep  1.67  1.31  1.02  2.22  1.90
wp2.sep -0.69 -0.04 -2.01 -0.13 -0.89
wp3.sep -0.69 -0.04 -2.01 -0.13 -0.89
wp4.sep -0.69 -0.04 -2.01 -0.13 -0.89
wp5.sep -0.69 -0.04 -2.01 -0.13 -0.89
