NCAN=5
NPOINTS=1500
NMS=1.000000
FIRST_EP=400
LAST_EP=710
LABEL=500
MIN_FRQ=2.000000
MAX_FRQ=40.000000
FORMAT=ascii
ORD_FRQ=10.000000
proba_1.sep -3.06 -3.10 -2.98 -2.97  2.76
